     317     120   10055     998   10672    6516   16109    5874   21010   28497
    8244   13329    3270   20947   16930    1246    4955   24464   20566   22932
   24829   28786    6583   12804   28578   25186   27697   24327   13531   18143
   19850   17992   16475   21601    3419   12186    3643   20138   14247   14733
   16928   10335   26062    7933    5395   12692   20843    4911   16149   19365
   18702      92   23617    8068   13832   11597   11305   17434   18104    8395
    5117   24155    8850   10017   12259    7213   12420    1629   14823   29511
      49   12295    2092    2218    7630   29240   10654   12148    5915    5913
    6351    7471   22744   26681   27161   22078   13840   15947    1059    3918
   13741   14520   17909    7597    3438   21040   19478   26587   26267    1283
   16605   15322   18625   23133    7610    6511    7080   10065   16987    3986
   18426     933   28461    6382   24247   18873   21452   21972   16559   17148
    5040    9972   26086   24733   18442   28607   29740   29462   22127   15293
    8862   21541    8574   19195   14773    5256   16776   11518   23235   11661
   19526    3813    4347   10090   27570   19634   19455   21280   19666   19842
   21630   29930   12634   16866   11302   29509     440   28263   13570    7120
   16391   14837   18789   21233   17499   23693   12975     111   25069   21480
   29601   13717   10586   28175   19335   16942   20956    6705    9295   26950
    2166   28716   18383    2457   25417   21814   20242   27753   14813    8576
   20426    9289   10642   22662   29323   27628    7337   12311   27407   12586
   10157   26574    4375    4361    9671    4554   18731   28483    8086    3004
   29388    7371    6503    2562   15834   26335   27151    7959   18446   26814
   19659    2502   15497   24685   25438   22150   18425   16432   29233   29487
    1927   11001   21898    2916   20441   10159    3474   11372    7571   15146
     610   29885      37    2468    7416   16286   12685    6603   13786    4387
    6140   12474     264   13927   13658    5458    3526   12619   28744    1787
   11520     595   20083   17119    2335    2559    5367    6112    5875    7986
   10571     801   22371    4632   26236     601    6833   25730   27328   21743
   23458   26120   18239    8954   29101   17678   19474   17195   19841    9326
   17618    6273   29719    1944    5109   16136   25699    3496   11414    5659
   27939   14691   12139    2753   19396   10473    7664   28570    3865   17672
    7843   23671   16492   14116    4345   18914   25831   19520   27193   28924
   11504   13466    7068     910    6535   20784   19929   16687   28407   29654
    5527     681   17921   22720   16369    1748    9899   26569   28689    1612
   24815    9831   11995   17738   25401   15274    8747   23450   27302   26154
   20756    3106   17824   12168   23808   25151   11865   15301   27150   20844
   19067     896   19339   21489   11264   24245   17044    1968   24284   18020
   28368   23401    3171   20863   27237    2739    4885    2428   20424   12095
    7549   15221    3784   15644     297    8503    9235    6892   22791    4618
    9072   24120   18471    3029   29171   16838   10597   12372   27631    1033
   15141   25864   10441   26051   19609   10357     710     901   11830   24350
    3039   12820   27796   25296   29594   15875   22608   21475   29437    2461
   13583    8797   27680   15461   29600   17792   16031    3917   15736   11147
   21288   20000    7249   17077   13340   10108    1994   28844   19244   27892
   25311   25749   14944    2034   26454    5892   21185    6576   10628   26031
    5187   16627   15698   18836   14644    7252    7624   12863   25616    8353
   23686   15553   20860   13363    7571    4570   20181   14560   25376    7793
    9354    2815    6590   27271   29179   24583   29119   27463   11245   13960
   22416   13050   11946    2597   27782   26670   11326    5317    9897    1858
   18308    4212   28639   21511    8877   19054    5262   17194   18772   26832
   11996   29607    7244   18211   19119    5503   23471   13753   28579   11397
   22150   27677    8219   19350    9864   12012   15668   25174   18772    8915
   15965   14331   19178    3996   21974   25878   17560    8444    1661    9736
    1602   12786    1277   27628    8805   10060   18532   12965   10234    1261
   14806      21    5962     816   20472    7690   23778   14954    2374    8159
   27718   10745   17555    5772   27985   28645   22258   26449    8814    6340
   10297   12922   25854    6720   29835   26138   29616   27779    2655   28117
    6571   27269    4961    6598   24432   29903    3794   16763   23210   19940
    8109     372   18586   26941   18588    7609   19174   17536   15246   21959
   24235     985   26883   13415    3394   21371   11470   20352   14943   24221
   11500   15356    4271   20372   13392   15331    8998   24902    4997   11199
   12372   13926   20268   27501   21485    7076    5170    7209    1879    8484
   13879   12076    5103    4062   29325   13813     779   17915    7173    6426
   19739    5677    7268   15017   29811    7603   21635   11359     786    9213
   23075    1569     164   22305   23432   26168   26213   14161    5595    7874
   19921   17742   28288   27410    2388   20691    7711    2655   29249   25962
   15117   11451   28646    1877   24344   23370   24355   24435    8412   10760
     608   29674    9213   14378     172   18907   29372   23934   12256   14643
     343   28844    1806    9999    5788    9504   26748   19429   24321   14415
   14737   23562     669    3459   15992    5987   19305   22628   23757   24776
    9636     545   28965    6561   16784    2069     669   16001   17048   19300
    8784   28407   12082   15299     733   18383   10883   20842   18524   22270
    3618    9508    7858   27202   16377   11415    5793    4612   20912   10934
    8554     971   28403   28667    6046    3589   21346   23025   24617    4292
   22600   11699    4659    8777   15669   18354   14583   24461   15267    4846
   27752   14646    2255   24282    3921    1806   21983    5225   11753    7792
   10114    2375   23974   13804    4998   24017   21724   17907   10644    1564
    9665   12925   19365    1506    8427   22512   28147   15062   15928   18231
   17818   25873    4148    5429   29074   21026    2915   10736    4412   15732
    7263   19007   10049   26973   29934   12497   26897    6419    5564   10105
   14616   27943   18150   19477    7860   20031   18324    9810   18746   28414
   12026   28136   14604   29217    7120   26922   15102    7963    9520    5791
    7776   14714   15402    5173   26043   10686   21032   14709   28758   26639
   26816   24207   15380   28355   27095    9969   15795    9525   22271   24308
   28885    7338   14823    1054   28878   21113   25761   14874   23554    9257
    3107    7208   13379    4889   18935   16645   15606   15412   26560   16536
    2431   16377   24418    7678    7246    4932   18211    8855    8064    3171
   27879   23076   22172    6699   10951   12298   21083    8729    8855   18464
    9834    5009   27729   13662   29708   19912   20317    7212    8439   28985
   20495   22511   26950   28274   16995   21417   26711    5743    7899   19029
    6748    5094    2445   16626    4398    7302   21732   25622    8848     174
   14869   20313    1530   21255   12128    2264    2440    4376   11688   14106
   16429   25178   11500   15605   28540   25905   12861   29765    2459    4793
   17244   21821    1118   20355   22954    8906   23545    5886   13176   13213
    6990    4496    1962   26478    8422    9972    9736   18563   24440   23810
    4878    7992    3650   23699   12929   17227   20610    3785   10015   20496
   25362   22027   12019    7000    7633   24952    6078   27300   19780   15131
   15975   15703   27513    1673    7976    6453   22476   29069   18670   26546
    5756   24680    1401   12974    6364     196   12821   27225   13759   17366
   26147    4823   18478    3327   22686    2769    9937   25823    8176    2631
    5463    3652    5515   22154   19609    2630     443   13171   17841    2400
   11734   28638    3630   14394   22462   16594   13023    6253    3902   23879
   15772    3037    8631   17399    7054     510   24396   15774   18862     839
   15298    9159    5132   16001   21866      68   19658   19221   26584    3002
   10861   19750   26423    5701   12486    1290   18952   29832   24262   19392
   13587   23913    1623   18124   14530   26311   28525   21334   26983    1095
   12428   18812    3176   24583   25522   22670   19786   15387    1225    4245
    3304   15751      63    6846   14914    7034   23939   24652   21450   27102
   22906    3073   13979   22486    3472     891     595   23085   12511   29491
   14972   12248   25843   29491   27235   20038   25549   10087   18721   22487
   25068    1432   17199   24665   26162   25349   24078     372   26790    4694
   20221    6259    3968   26692   11866   23192   20668   10542    3264   22684
   20822    4616    7575   21191    1503   13561   12583   20096    6320   10617
   12805   14183   29125   25454   24549   26424   22060    2860   15468   21893
    7028   12573   25220   18595    4648   25585   18727    8066   19745   17212
   18662    3509    7455    2273   28689    8316   28988   12647   24017   12768
   11129   12564     858   21728    8529    1919    1323   11150   22848    2916
   15328   26206    7829     380    6087   18839   14331   11022   20724   27579
   24428   21982    2602   27399   28593    3972   16901   22454   15070    9309
   26023    9501    5456   20169   16389   24811   15594    7371    3179   22398
   15805   14993   24588    6360    9557   11146   12150   15157    4595   10214
    8712   20640   25626   26864   20586   29630    2609    7155    5486     873
   13706   17045    2774   15180   26971   23610    7593   11561    9825   29295
   15462    7165     394   14503   18864   23844   19762   28838   22427    9154
   19199    6307    8228   24595   11438    4809    7800   28914   10061   25204
    2406    9278   16041   20292   18128   28129    5528   29002   17353    8541
    7914   26110   13201   25880   18271   22796    8463   28581   13185    8359
    5621   25871   24094   28386   19500   25228   27150   19707    9120    7403
   23696   27438   20307    1811   10408    4423    5634   10107    3171   28398
    3241   20756   23742   17173   21118   12414    3273   17160    8377    8932
   21751   25554   10123   23785   27418    1474   17444   16758   25234   16386
   29110     685   28448   29113   16529    1055   12326   15750    8526    6313
    4131   29791   17515    1644    8374   22782   23618   14076   21429   20820
    8286   21698   14573    7200   14011   14816   19495   16528   11660    1847
   15353     607    2019    7786   21438    1423   13093    8028    4504   11521
   29726   25382    4828   27107   27121    3082      65    4167   24797   11608
     955   12938    2558   12116   17954    1017   15051    4315    2837     446
   16438   21590    4352    9075    1787   21170   11976   21500    6711    2183
   26835    9922    1845    9386   13866     212    3692   25387    4257   13501
   18434    9193    2254   18615   20248   23858   25382   25657     697   21076
   22144   16064   20756    5519   26269   19427    2037   26738   21558    2411
   28784    1416   26403      76   27180   13835   22039    4910   13548   17310
   23579   13891   18000    4452    7915   18888    5099   19038   27532   10715
    8091   27325   14303   22153   18277   11608   22326   10241   26084    3826
   23867   23164   25396    2056    7478    2045   17715   27677    2328   22942
    7697   26041   27848   29382   26652   18439   12717   10731   25542   28204
   12270    6720    4061    8732   18390   23422    7354   16264   20934   21029
   26927   15212    4778   28702    7322    8870    1517    6827   25123    3298
   29902   21984    1837   17208   14069   24957    7234    5652   23625    7060
    4692     344   24646    5138    5123    4399   25665   10517   21027    4333
   17690    2245    7254   27109   22347    9907   20023    5066    7165    6357
     764    6522   12116   15654   16350   24875    6434   26536    2277    4021
   29792    6721   20356   12881   16899   28374   17480   16868    9579   20025
    7023   29099    5382   25278   19443   29168   26821    3599   23649   12286
   20254   23510    5685    6606   18513    3505   16306    1546   26321     978
   14001   14917    2558   24506    5028    1679   28456    9772    7024   12118
   15769   14467    7755    2284    3982   12454   15554    4477   10635    2531
   13035     610    3805   22098     622   26250   10827    1027    1465   28158
    2298    6078    4312    3146   15450    1136   15885    1034    5929    3610
   19334    9564   12059    2301   10327   24045     650    7035   27339   19563
    8411   15400   17706    8557    8026   26867   25996   21588   22973    9648
    6272   14092   10119   10568   14805   16953    4185   13275   24797   23686
   13121    5106   29675   22062    8463    7925    6526   22979    9734   23227
   16236   14387    6956    6835   11873   23082   20311    3503   21916    2193
   11058   16735    9860   27161    2726   14121   16762    8021    6666    3523
    8318     807   21019   10416    3001   25904   27179   11675   22833   26121
   12772   16166   23369   12352    5268   17407    4434    9578   25243    8632
    8183    1077    3377   25589   26050   23618   20249   17342    1150   11467
   12981   20420    7692   22011   27801   16629   13952   20816   12594    9820
     409    8942   18484    1930   19553     295   14531   13620    8977    1876
    4591    9814   24278   14686   10409   25454   13350   28154   10004   21776
    8629   25851   25409    8437    8847    5344   28830   21778    6859   29968
   11284   14573    5107   15347    2783   27533   25287   18493   28116    7920
   13776   12243   27313    5547    9376    2905   24823   21505   24957   13894
    6496   29910    9542   13168   28417   17989    2404   27297   16658   24830
    5737    9961   22012   24077   17468    7687   28766   20926   20761   10660
   21584   28687   11791    1386    9556   25267   12334    9058   21476    4860
   28753   22403   11416   15160   23920   18847   18655   25427   13665   22792
   11023   25687   24289     838   25726   22420   22717   16744    6719     998
    5848    3945   12680     240     672   28448   14650    9349   11703    9905
   17409   12571   27309   13686   23645   11887    1482   21759    4966   23035
   12624   25190   28851   25195    5907    6078   15563    9622   10770   21738
   24115   17578     112   18936    1337   12837   12754   11008   13115   19102
    5714    5643   11857    7629   27884   16182    9248   25384    1636   24213
    8376   19043    3961   16292   24256   25131    3669   22598   26848    1642
    6228   10329   15614    1427   12804    9662   29678   22670   25062   25085
    2660   26775   12293   19907   16234   28961   12422    6766   21481    1886
   13475   21950    2101    7609   27043   16334    8540   28213     341   10751
   17094     379    8381    8612    3066    4249   12861   13583    2013    1871
   19308    5136    8180    5555    9048    9771   24148   11435   27560     757
   20785    8562   15781    4156    1544   28836    5928   23991   20191    8097
   28378   14329   16001   23666   21207   21122    5504   18681   18910    1603
   14837   28508   11890   14051   21756   19565   23276   15745   11393   25853
    4615   21904   24789   23520    7024   13449    4295   18761   19355   16374
    4886   29373   19920   10560    5454   15275   23369     829    9154    8302
    9262   28058   26834   16589   23896    3164    2660   13866   11963   11776
   25949    8956   29597   12399   18311   25806    5362   25884   20132   19358
     756    9032   25487    7574   16795     112    9530   24917   28220   29143
   27424   27624   11919   20723    8877   16056   21097   22240   27348   24457
   11781   25250    7986    3423   13201   12868   13355   25403   18636   10959
   11020   28541    8248   25953   22047    9164   20519    7089    4491   28236
   23800   15909   10915   12100   14568   20815    4023    2792    3957    9487
   19466   28273   19089   16989   29858    7868   20812   12377   19113    3231
   14379   21605   11111     160   14638    9560   21805   11549   22298   19031
    8786   16820    2834   29411   27410   18120   24586    2982    7521   28615
    7624    1546   19845    3188   19935    1254   26110    6845    2500    8428
   11964    1148    9811   14191    6748   24001   27416     717   19186   23073
    3021   16918   23052   28189   22739   26371   21883   13008    9034   25314
   26803   11282   11934   13499    6506   18014   20054   15743    3470     845
    3022    6961   25474    1950   11838   28525   26457   25791   28765   18721
    5805   23012   23267    5166     113   25802   25615    1947   26495   25031
   14665   19336   21493    4486    1411    8864   14657   22499   14869    1590
   10860    6296   11825   22354     400   19368   17056    7850   20953    7192
    5550    1311     462   21588   13302   11630   24983   19056   18252   19736
   10594   23389   17914      11   23397   17858   25268   19596   16692   27328
   19488   13368   19386   25563   23042   17421   24681    8075   11744    8850
   13140   15803    9327   14658   19146   29952   13081   27601   14860    3288
   12128    1769     716    8221   14908    5740   16514   16968   17402   26088
   12195   14125    8711    9088   12338   16951    5494   23415    3449   13677
    1873   21644    8107   25163    6340   13377   15034     197   22242    7807
   19134   19767   23409   28521   20583   10604   21460    8362   27026   13321
    6400   17170   27935   25451    7020     198   15200   14698   22689   20026
   19020   22720   13098   29788   23134   24746   27517   20516   28490    5355
     118   20417    9376    5704   12943    8899    1107    2553   13071    3154
    3307    4363   25536   20113   27869   14806   28590   21582    5639    8985
   22823   25382     897   22687     766   10279   27684   19966   18477    7562
    7065   29391   15721    7032   29351    4245    6273   10247   20386   17018
   14927    8826   25915    3474   22772   10619    3144   26625   17278   11565
    3512    5928   18779    6046   25773    1999   29906   23547    3411    2172
   19526   14439   15496   27210    7757   22696   15008   14476    3623   18352
    3705   27890   11906    7532    7596    9972   10757    2832    2089   16280
   26634   21904   10862   27577   28128   27021   17527   10013    5239    3462
    4154    8652   15655   29510   25711   14654   24616   25885    4484   21417
    9911   27434   23536    9995    8570    4859   23284    9115    6826   19334
   10228      85    9891    7799   11920   21926   13129   11749   17227    7024
    1171   27333    5943    2632   26545   19573    6825    8506   14377   28519
   18103   26029    4737   10152   29543   29097   29169   29833   10102    2095
    3003    1142   10265   25286   29973    7885    3103   12900     727   12106
    3126   14267   21797   15901   26992   23272   16563   19865   15136   26479
    4807    5951   28378   15208    2390    7601   28570    1897   27642   14918
    7358    6046   26002   17711   12098   20071   19488   24235   23020   10368
   22555   28407   10667   23910     898    3352    7704    5674   14766   14060
   14135   27230   13358   16971   20008   21790   21849    9316   24657   26035
    7613    6014    6548   24034   17219   26936   22808    3561   20735   22358
    2461   10132   24936    9403   12479   29062   11944   17303   20669   20875
   24895   24271   24499     351   17172   23809   19882    4545   26777   13267
   19023   20088   22397   12460   11358   15067   12742   25146   16666   25820
    5699   21202    4411   23931   18875    2287    8378   23769   28090   18813
     666    5852   25380   21047    4089   26371   13078   12131    7073   28184
   15526   25864   10082   23569   24993    7032    7658   14090   23345   17109
   25127   17844   26051    3154   14035   19445   20070    2683   25371    3013
   12182   22375   14659    3514   29339   13374   27959    6760   17591   21042
    2844   23353   21137    1952   23430   16930   18089   15943   23508   11981
    4487   16031   16839    1572    3152    4034   28689   10290   18903   14659
   27647   22714    6750    5922   21802   12714   24579   18676   18347   23919
    6915   23083   10644   26637   21336   24817   21853   11562   24060   28842
    9153   15561    6320   13556   17634   29874   28048   23105   27919   26019
   10446   20716    6586   19731   14015     824   23434   18239    3589    2818
   14677   11192    6942   14232   16110     558   28537    6177   25326   19789
   24971   28821   17029   17586   23680    9763   20529    6563    1474   23063
    3454   22121   24456   11794   10755   21859   25883    1886    3084   20813
   23552      95   23566   22859    3250   13907   17069   13575   29843   16193
   21006   24876   22570   22404   21757   26750   26089   13170   15736   16388
   23855   20043   19213      27    5381   17271   25910   27831   23950   27356
   16467    7099   26336   23247   18814   24137    1105    4963   23530      85
   17044   13459   23245   11025    8297    9555   10145    7685   17760   10734
   20647   25034    5298   23620    1301    7100   22352   14961    4991    7317
    9495   28913   11486    9699   18494    3446    1409   11182   25460   23688
   27694     423   16615   25011   13577   23376   23277   13675   11192     958
    7591   27847   19845   29124   25601    6802    8014   16646   29190   21117
   18129   20926    3488   11678    8230   17148   11271     305   29528   11085
     958    9813    3950   10860   29724   26318     724   18003    8323   21601
    6080    3077    9170    8340   25102   26221    4249   26038   19831   17904
   14405     429   12639   10202   16585    4208    8978    3923   20595   21873
    8536   21875   21926   16506   28870   13607    2220    1291   20598   11923
   13934   13609   18180   26485   10770   24481   15373   14822     415   11212
   29420   16052    1192   16024   23027    7629   19133   28498   28196   20435
    7085   24638   20982   12520   22380     368   11218    6810    4643    2276
   16298   23086   20300   23413   23053    9564    5351    6975   26803   24364
    2959    5648   11638    2206   17434   19468   20983   16626    1161    9981
    2536   13035   26045    3523   26606   12927   16024    1442   21942    4554
   22220      54   18107   10383   27296   18165    8444   26632   20564   14967
    2727   25219   20427   16106   13528   13419    5701     762    5389   11553
    2390   17524     838    4011   17470   21891   12334   23934    6250   23208
   24181    6861   14868    3848   23500   23639   24484   18452    4289   17946
   28744   26034    3663   18699   21055   12783    4322   12682    3253   18347
    2310   27703   22226   23436   14131    1586   16038    1540   22279   17325
   16136    2580   23259   29688    7186    1318   27138   23617   21116    8301
   22707   29700    6917   26197   27319    7054   22765   19315   25438    8925
   22034   19100    5001   11311   19763   23461   15629   29925    1117   22706
    7744   25814   28447   19915    6688   14935   28464   18558   20868    2022
   16128   25173   28010    4024   26792    9912    8590   23467    3166   22775
   10481   27011   18680   18336    3904   29546    3783    6782   20734    9128
   16763   24066    7217   23058   15638   29003    4168   10437   22681     103
   23725   11490   28148    9972   26693   18989   14770   10070   29558   12064
   19557    3672   25244   17744   14509    9808   16648     518    2755   16017
   27040   25232   21719   12730   26373   13648   29849    7072   27586   19963
   28500   18924   21936   15600    5487   17033    7440   18599   21935    8002
   19494    7905   28922   25955   27710    7866    5530   25705   28050   23270
    4836   27225   14321     210    9413    4248    8078    3114   22911   14790
   11017    3224   29273    6429   28906    8865    6146    4135    1122   22801
   14063   23477   24855   16989    7934   27009   18046   10054   22440   16654
   20116   17786   17871    9899    4544   21979    7964   22606   12382   27924
   26337   16260   20723   25867   13039   22465   25238   16736   17814   12490
   20799    7473   21614   24701   29286   16251   12951   27656    8609   22923
   10622    1722    2035   24985    9390   16973    1863   14384   20178   10229
    6524    5483    1333   29025   15153   19477    2528   15315   18715    5604
   17865   16749    1719   24435   19738   18314   13621   13566      22   12158
   23942    1028   10145    8410   10188   26727   26613    4814   22616    7218
   23547    7979   14929    4131   18789    4062   24946   21575   25152    1700
   14310    2795    3362   15001   11313   21445   18272   19400   15877   17744
    4882   18210   10775    4859    5769   12658   18141    5807   16448   13232
    5332   16202     250    5155   29213    3151   19283    5788    2926   25621
   23012    6780   14186    6572   21058   28770    9204   22194    1738   21475
   11263    8534   22953   16950   18028   20844   16940   28843   26650    5957
    5487   15469   20725   12999   27157   29494    8176   12757   23083    2060
    4103   11011    2901    4150   17688   16138   17387   13021   27202    6315
   19348   26496    2176   26621    9344    2948   16806   21349    7790   19781
    3655   11847   10014    8209    1701   15211    5821   27170   27808   14107
   10140   14165    5680    3080    6293    5844   21354    1631   18478    6155
   19303   29377    5003   14855   18195   23630   28853   24218   20403   24677
    7141   16724    4288    9088    5996   11571   13348   26375   22487   12795
   11283   19292   10098   26834   27042   13102   19355    2333   18907   24128
   10141   10009   11690   12887   17287    5383   26092   12122   15966    2204
   24300    5068   18500   29362   20864   14221   19091    9112   12943    5965
   18082    9418   28967   11340   12283   18234    9765    8283    2937   22527
    1257   25644   27879   19860   12735   14285   29474   25349   19824    5594
   14854    1794    6164   12702   20064   15823   12887   14732    4644    7826
   29954   19395   28227   18526   28409    4220   25714   19969   27610    1773
   12578   13771   16501    9130    6879   24422   12998   16958   19527   20456
   20538   18484   29377   21308   15853   23693   24716    2670   27049   29041
   27685    8148   16031   28014    3225   20044   14350   12837   19092   27079
   16528   22655   18508   21849   19927    8476   22017    5844   15226   20221
      93    4849   16563    6165   23083   22510   25409      96   20027   24908
   17231   16505   22934    3944   25016    9110   18069    2333   18716   23033
   10808   28045   14655   25951   25640   10981   24006   28507   17855   29717
    4351    9332   18511    1109   23422   14946    9206   20594   19064    9900
   28255    5975   24498   27420    4799   12523    2938   15908    2440   22193
   10619   21588    8943    4782   12317   12620   13575   13827    8400   14989
   18643    5063    7497   15483    6802   10253   23821    2078   20669   24197
   23235   17034   16345   27750   27106   23019    7372   14629   28009   27571
   10706   24860   16362   26218   11261   22644   12025   29560   26604   11483
    9957    4622    8322   14350    3970   25807   21679   11736   27654   15746
   20082    5392   16529    1364   15932     546     496   25471   24436   14445
   10635    9198   11920   24008   29433   25580    5218   20424   28479   19606
   23704   23483    2712    5046   20514   13474   15270   13373    4542   23453
   12007   15074   19741   19689   19740   18693    3336   23118    7297   27886
    9461    9589   23404    1829    9826   11750   10508    9265   27952   20350
   28567    1528   28538   17798   17889   24838   18534   11778   15079   27186
   21474   11733   11146   20122   21633   26035    5849   20761   19564   22652
   17327   24308   25601   21120    1095    2436   12855   18635    7452   27801
   16294    8088   21362   10037    9460     836   23899   13512   15382   12035
   19269   12191   23253   11344   26532   21890   17428    6817   20022    5246
   20314   24780   27590    9721    5703    3532   10675   23933    4123   23649
    5315   12659   16758   22743   28128    5778   29508   17444   16337   11518
   13746   10459   25899   19269   25338    5493   26807   12313   18488   27855
   29618   15766   25968    3565    2277   10044   22298   24756   11293    5171
    1437   14218   16336   16241    5550    6856   22315   25339    6411     905
   17992     248    6001   26701   15217   25239   17878   15822    7805   14264
   25860   28412   14179   21872    1597    1508   22769   22136   17604   26163
    4292   20937   27288   16203   19943    1890    8560   16406   19558    1239
   12582   12941   18837   22026    4211   13850    9654   22857   25710   12411
   22547   21557     277    1184   25436    9056    6959    9550   17631   13793
   13530    2559    3199   11955   18858    3902   22746   23887   11366   10810
   17683    1939    5122    3710    6031     119   10125    8431   13834   20816
   18359    3780    1239   28937   12163   22308    7307    8746   16501   27070
    2619   13746   21668    2190    3729   24890    8012   20053   28550   17447
   19235    2921   26703   21834    5823   21809   23923    8725   15183   10407
   14566   13750      33    6883   21276    2092    1628   11355    5900    8306
    9355    1881   20674   21666   13301    6739   13787    2340    1308   25830
    8342    8726   27120   29031    8816   11261   11161    4271   24050    2987
     509   13180   10846   12225    9636   17113    7242   27644   18469    1335
   19506   11042   29343   10237   21926    8162    9398   21322   23460   22842
    9987   20846   20299   24818   19662   28870   28410   26490   22300   16567
   15131   28979   26916    3589   13858   12749     749    8301     906   13155
   12171   18698   28607    6193    4973   16826   13691    4780   20615   14499
    5029     874   19979   13148   29784    3750    1192   25602   12061   19732
   15094   12605    3081   13716   24906   21908   16973   27766   21650   22715
   11225   17125   11905   23327   25871   28938   19439   24777     476   14000
   17298    8263    2956   16845   21904   19226   29348    4489   25722    5834
   18529   19133      79   14734   20997    5150    4664   11851   25752   25655
    5299   21060   14345    8987    6533   28547   16156   10391   10627   15653
   13969    9245   19477   18048   13897   17109   11064    4001    8731   26943
   16959    9605   28765    8779   22486   23736    9163   22170   26068     569
   27940   20738    9343    2482   13598   19117    4601   11116   16503   17608
   11106    9459   23052   24871    6872   22722   16691   23950   17453     837
   14859   11952    8292   10396    5906   18689   12226   18831   25054   24602
   18681    8651   23471   13270    6123    4557    9504   18825    4345    1232
   26143   13577   28135    4634   23790    6175    8890   24592    2365   15596
   15752   21533    1845   21296   22801    5123   15275    4824   23905   17679
    3329    3210   21753   20122   24468   19444    2658   13307   29770   10360
   23685   22532   26497    7229   13658    8054    9440   19389   14625   19405
    4136   16207   15327   26325   10990   27692   13252   14138   14388   29082
   26809   16377   25839    9698    4221   12446   25238   11393   10663   23184
    9292   26907   10234    2087   11167   23427   14312    5037     442   11684
    2858   26341    7405    5885     236   13887   20785    4796   12097   21235
    2941   19297   24917   19456   21615    6702   14711   16524    2279    7185
   16535    7085     152   12590   21287   10408   15950   12975   21415   19332
   14426   21167    2060   28019    9765   10666   19218   21332    6904   17200
   11479    3642   22824    9240   26891    9890    6885   17801    1537   26693
    4276   10826   11361    6337   21622    2472   13830   21443   28826    2615
     976   23131    6208   26885     385     499   20991   12528    5706    4209
    2211   10433   23227   22026    8109   18621   16087    9086   25057    7509
   22698     730    2098   12259   20915   10710     156    2547   24535    2577
   19963    5025   13690   27062   17794    8820    5680    3273    3049    9380
   17817   16505    6759   20962   18854   10491   25060   23087   10542   16891
   26729    1276    5884    9849    8806   17368   15658   18410    9401   19757
   19762    4632    1716   18819    4943   20188   28374    7891   15475   29273
   20094   15075   28355     643   17785   26194   19567   16577    2127   14223
    2983   11589   19688   25492   18469   28700   19647   17970     739    6078
     189    1971   15558   11869   28630   28551   14802      11   14329    5959
   16989    4870   28463   29398   14814   27487   29716    4468    6255   21265
   29946   29551   20826    9900    8906   17483   27515   25371   12053   21822
   15996   18796   10541   18001   17659    1986   17436    4714   28028    2474
    9225   15816   17131   29871   26686    8076   19373   26335    4165   25067
    9498   28971    1343    2529    6172    6983   26544    5516   19775   21388
    5647   22618   15951   20083   15663   17596   21486    6118   17051   23732
    4066   11953   13818   21198   12493   17521   25479   12772   28902   24924
   19934    8205   19562    7547    1329    2555   25811    6436   11951   18789
    1685    1715    2237   29988   19816   11892   17951   11443   12149   18838
   28582   27974   27050   21262   26047    6774   19357   24501   17743    1084
    4953   29427    3012   25040   16399    8287    7104   24963    1219   20290
   21661   27443   29372    4753   15822    9502   21490    4618   16988   11164
   24446   28156    5323    5743    5799    1654   11045   18151   13694   10932
    8568    6551    3771   24459   26575   27662   29653   15920    8055   21027
    8562    9018   19399    2555   28647    2340   12584    2666   19559   17092
    9543   29320   22862   15520    2754   21277    3823   22819   21124   11875
   21158   20369   15233   18648   26285    3066   10986   29102   18649    8610
    5758   17953    8691    1528   26074    6138    5012   19751     894    6924
   17298   16581   19574   19411   21568   15813   28544    4758   29318   12886
   15794    5430   27096   29808    7204   12788   18113   26737   23798   13328
   22405   17964   13974   28891   27146    5165   29784   11145   13656   15702
    1313    5657   22667    8790    8225   25871   24426   27362   12548   22299
    5165   28417   11743   17235    6538    9681   26132   10319   19561   15395
    9747   25243    9625    9021   28653   22924    4154    5715   15817   21464
    9451    2341   16586   28184   18317    7862   23830    4076   24982   11923
   16810    5954    8937   14415   22852    6650   14204   13859    5860   18532
   15620   17403     762   20690   28700     262   27931   15075    4629   27399
   26643   11922   26964   15257    1648   29762   21581    6380   21909     335
    6471   14697   25562   23714    2892   14323     187   23968    4500   29646
   12412     649   25972   29559   25957   16448   27709    3603    2136    6301
    8175   12874   11926   18283     443   23477   13622   11585   24486    5359
   15168    1897    1814   14318    5222    9507   13975   20015   12003     423
   11521    7790    4008   25834   14984   27101   21630     236    4416   24397
   13776   13502   29079    3237    8511   17249    3826   19464    1814   20783
   23743   14257   13504   26949    3623   12859   24395    3199   13819    1808
    3742   18185   29048   12470   11046   29188   11710   23703   11272   20707
    6276    1436   17555    9511   26320   18022   20436   16459   10740   19119
   17722     425   20750   20965   23997    4614   24195    5829   13874     593
    8747   28452    8033   10362   10552   11308   16120   21746   19895   11476
   15561    7455   10431   16950   10357   13100   23561   25199   18923   24490
   14496    1779    5030   29519   21594   21816   20920   14952    5515   12177
    6642   13429    9766   27140   24693    1000   19187   25361   14006     486
   17967   20970   22357   11009   13709   26604    1258   28979   19155    1179
    2382   20856   28096     221    9611   23008    7048   21575    5728   18963
   29254   14288   17866    9387    2569   23498   20727   15081   17799    9122
   11670    8318   19044    1171   16713   22836    2625    9503   11519   17794
   16141   20807   26413   16008   24228   10659   29522    1771   22576    3450
    7067    8582   16774   17985   14903    2081    7544   21590   20325   18527
   18920     523   28265   14094   10932   29505   10870    5341   13384   28188
   14591   16130   22247   17365   23800   21336   25266   22743   15010    2631
   28323   19084   20771    6683   29120   22529    7295   21066   19760    3921
   14870    8194   24767     936    5129    2601   16124   11834   14250   11866
   11877   18639   26111   16510   19887   22576   14517   19166   13276   19562
   18509   18341   19129    8556    9857    7078   27028   20615   16774   21830
    8974   21428   22924   11879   27250    5167   15794    4563    1799   12454
    3469    6690   13681     271   13904   27392   26163   16600   15724   22763
   20005    7641   14642   27597   24515   10385   24535    4513   20920   28381
   17258    5804    9634   13491     246   28313    7961    1460   25972    6644
   29825   14106   12329   15033   24064   15938   17981   13173    2864   18030
   11770   16328    6893   16943   20217   25029   18695   11527   22199   24676
   10907   25398   24853   20352     871   17923   19775   27168   28182    1497
   13568   11445   16757    7961   11818    3048    7978   11933     543   14188
    6468   23902   14190   15001   15065   10871    4230   21207   10566    7374
   17431    4190   16786   14678    7854    8778   26508   20977    1642    9051
   18883   10400   28670    7501    3839   23633     111   27827   10067   17984
   25977   26710    8139    9686    1707    4856   15334    6261    7867   12636
   13715    1757   22002     617   18040   22667    6740   20322   15052   17343
   13162    5509   20720   26723   13559   29289    7000    9170    2574   27400
    4656   27258   20857    2947   13729   19292   10232    2911   28201   13391
   24497   11760   16417    6945   14870   12454   13844    9252   14179     163
   19698   10149   28842   19023    4038   12462   12697    7221   16858   11059
   11758     736   15763   26359   13946    1046    3778   15065   12864   27116
    3852    5972   29682   16962   11632   13642    2179    9137   23056   17753
    5029   29416    8331   10960   20372   23015   18868   13049   22739    7647
   28718   24225   17400    7737   27092   25328   16193    5093   23513   27788
    9887    6359    2165   11157   11165   12560   27010   20993   17261   21042
   24224   24934   26333   25136   13522    9777   16632   21841   14929    7354
   22523   22855   12573   22030    6428   19247   12033   27643   20734   15108
    2848    6684   28776   20467   12702   19534   28884   28808    4887    6576
     637   19477   15583     990   17320   10311   12527    5041   13689   20799
   21629   27683    3080    1069    3102   16272   22954    7045   23666     223
    2897   17050   26386   29411    4189     206   14713   15128    4958   21904
   12286   16411   10015    6692   15055   29556   19411   23872   17294    3631
    4796   26120   28061    9783   27624   26453    9675   27189   18281    3848
   14755   23421   10192   12819    3415    2065   17977   27276    7137    5403
   23697   23976     920   14953   10288   15873     250    7707   26210     683
   14456   20858   10397   14974   13007    2833   21558   19107   16344   23454
     897   13312   17756   21027   12320   20247   27914   19180   29173    4317
    8598   21259    1597   23095   17187    5095   23541   21144   28466    5952
